1 32.88590604026845
2 32.837837837837846
3 35.564625850340136
4 42.27397260273973
5 47.80689655172413
6 50.94444444444445
7 58.90909090909091
8 66.08450704225352
9 77.39007092198581
10 80.48571428571428
11 78.58992805755395
12 79.27536231884058
13 84.029197080292
14 88.3529411764706
15 88.88888888888889
16 87.46268656716418
17 90.58646616541351
18 90.84848484848484
19 91.48091603053437
20 92.92307692307692
21 92.34108527131782
22 93.34375
23 92.31496062992125
24 93.07936507936509
25 94.20799999999997
26 94.48387096774194
27 93.65853658536585
28 94.19672131147543
29 94.67768595041322
30 95.1
31 94.25210084033615
32 94.54237288135592
33 93.60683760683762
34 94.48275862068968
35 95.13043478260869
36 95.01754385964908
37 94.33628318584067
38 94.46428571428571
39 94.59459459459458
40 95.78181818181818
41 94.05504587155961
42 94.81481481481482
43 95.32710280373833
44 95.13207547169813
45 94.74285714285712
46 94.76923076923076
47 94.52427184466019
48 94.70588235294113
49 94.93069306930693
50 94.32
51 94.98989898989899
52 95.42857142857142
53 94.9278350515464
54 94.375
55 94.90526315789475
56 94.80851063829786
57 94.70967741935485
58 94.47826086956519
59 95.12087912087911
60 94.66666666666669
61 95.14606741573033
62 95.09090909090908
63 94.62068965517243
64 94.41860465116278
65 95.2
66 95.80952380952384
67 95.66265060240966
68 94.82926829268294
69 95.25925925925927
70 95.45
71 95.03797468354435
72 94.82051282051285
73 95.11688311688314
74 95.47368421052633
75 95.41333333333336
76 95.94594594594595
77 95.6164383561644
78 95.6111111111111
79 95.43661971830984
80 94.85714285714288
81 95.65217391304351
82 94.94117647058822
83 95.1044776119403
84 95.2727272727273
85 95.07692307692311
86 94.6875
87 94.9206349206349
88 94.90322580645163
89 95.40983606557376
90 95.06666666666666
91 95.3220338983051
92 95.65517241379311
93 96.0701754385965
94 95.21428571428572
95 94.83636363636364
96 95.18518518518515
97 95.24528301886794
98 94.84615384615387
99 96.15686274509801
100 94.48
101 95.67346938775512
102 95.74999999999999
103 95.65957446808513
104 95.30434782608695
105 94.93333333333334
106 95.54545454545455
107 95.06976744186046
108 95.23809523809524
109 96.390243902439
110 94.4
111 96.51282051282053
112 94.73684210526318
113 94.3783783783784
114 95.99999999999999
115 95.8857142857143
116 95.29411764705877
117 96.72727272727273
118 95.625
119 95.35483870967741
120 94.93333333333334
121 94.62068965517238
122 95.42857142857142
123 95.85185185185185
124 94.15384615384617
125 94.72
126 94.5
127 96.34782608695652
128 95.27272727272728
129 94.09523809523809
130 96.2
131 95.57894736842105
132 94.66666666666664
133 94.58823529411762
134 95.0
135 94.93333333333332
136 94.28571428571428
137 95.6923076923077
138 95.33333333333331
139 94.54545454545456
140 96.8
141 98.22222222222223
142 96.0
143 96.57142857142857
144 95.33333333333334
145 96.8
146 94.0
147 92.0
148 92.0
149 92.0